0 0.005615234375
0 1
0 1
0 1
0 0.005615234375
0 1
0 1
0 0.005615234375
0 1
0 1
0 1
0 1
0 1
0 1
0 1
0 0.00701904296875
0 1
0 1
0 1
0 0
0 1
0 0.005615234375
0 1
0 0
0 1
0 1
0 1
0 1
0 1
0 1
0 1
0 0.005615234375
0 1
0 1
0 1
0 1
0 1
0 1
0 0
0 1
0 0
0 1
0 1
0 1
0 0
0 0
0 1
0 0.005615234375
0 1
0 1
0 1
0 1
0 1
0 1
0 1
0 1
0 1
0 1
0 1
0 1
0 1
0 1
0 1
0 0.005615234375
0 1
0 0.00701904296875
0 1
0 1
0 1
0 1
0 1
0 1
0 1
0 1
0 1
0 0
0 0
0 0
0 1
0 1
0 1
0 1
0 1
0 1
0 0.00701904296875
0 1
0 1
0 1
0 0.005615234375
0 1
0 1
0 1
0 1
0 1
0 0
0 0.005615234375
0 1
0 0
0 1
0 1